1.529400872432794323e+01
2.430899415986569068e+01
2.438314958578260772e+01
2.432776698812399374e+01
2.678944702107304465e+01
2.840724753009606474e+01
2.955885679075606376e+01
3.034148119754916806e+01
3.124514449191943655e+01
3.188486971698952033e+01
3.268694732093871380e+01
3.365719651588524641e+01
3.354722296051793506e+01
3.341880891617203986e+01
3.395893671237343625e+01
3.423420143874097477e+01
3.423983194386751450e+01
3.385636358901374621e+01
3.403513257841532891e+01
3.379958881232099799e+01
3.340444587095602458e+01
3.388803634893233152e+01
3.380625537250961798e+01
3.339095346933375197e+01
3.386756965188975954e+01
3.322430419919675870e+01
3.333037207551917902e+01
3.317971311756839725e+01
3.347030999128369899e+01
3.343945274170798143e+01
3.313657129373628862e+01
3.312967466758338020e+01
3.291771125893566108e+01
3.271653653956548169e+01
3.296823677371235561e+01
3.305130275022818154e+01
3.322197178906783677e+01
3.320690200545054438e+01
3.295367757484494575e+01
3.297966613742235609e+01
3.284820399959973258e+01
3.278596347819565437e+01
3.275448409019431750e+01
3.337301836460935078e+01
3.296166409525527285e+01
3.297865134583674518e+01
3.285188399002277748e+01
3.319386574401553958e+01
3.279823983211958449e+01
3.303680265750085709e+01
3.292491862275139880e+01
3.313918888735693002e+01
3.299309294288192973e+01
3.288392185995688521e+01
3.307473446578987364e+01
3.315052344965575770e+01
3.309210584088869922e+01
3.313158094021153488e+01
3.297398571131953560e+01
3.301895493716078533e+01
3.296745284974306145e+01
3.301876771533559918e+01
3.294247024056843287e+01
3.279004922804071498e+01
1.810660966568396546e+01
8.766991414920777714e+00
8.584405248476956629e+00
9.198751016573169181e+00
6.445798528046034370e+00
4.513361665585071236e+00
3.795889520094496650e+00
2.729483227665160605e+00
2.001914241122171312e+00
1.052072672209374060e+00
4.784597678418800459e-01
-4.547082630294112526e-01
-4.912886711025234998e-01
-4.206993401784430153e-01
-8.625874009773736306e-01
-1.094933665824562530e+00
-1.110605967915077485e+00
-6.659368409238515252e-01
-8.308675767033384396e-01
-1.123452860382354590e+00
-5.072762083708255432e-01
-3.884510539122675299e-01
-3.910379456631112305e-01
-4.699013553926781883e-01
-5.929557095604308659e-01
-2.161618427713303814e-01
-3.151236929226084449e-01
6.767816006217655667e-02
-1.052805921962062519e-01
4.307018601691856019e-02
2.352166276547303786e-02
1.259949216944434014e-01
1.094549458281607150e-02
3.258463133355841146e-01
6.980569605166866975e-02
1.166235886140686295e-01
3.717961837956165749e-01
-1.562726398583424992e-01
-1.551236573779321282e-01
2.063644032300733788e-01
-1.436395378330191375e-01
3.761450148513176828e-01
-3.296338912110746699e-02
-9.763408416445931715e-02
3.487138054330876091e-01
2.699158570636983612e-01
3.253997426534694926e-01
1.615450339500245358e-01
-1.359389811208595589e-01
3.209046445035443895e-01
-4.401178438395868253e-02
1.338562665531664031e-01
1.544668596391752802e-01
-3.171072921891495561e-02
9.773354107678784708e-02
1.493853790746157983e-01
5.653705793618890585e-02
-1.895830580064799264e-01
4.482043732512214912e-02
2.164730887300880258e-01
-1.204701932435179312e-01
-2.881113744645837429e-02
-7.569845561056626204e-02
3.052695993336279612e-01
1.510983266113760415e+01
2.430877794700196404e+01
2.409039845075680830e+01
2.404307708023593904e+01
2.636541933107276847e+01
2.857542417618728692e+01
2.929447442230869214e+01
3.047957603086173251e+01
3.135890765102027444e+01
3.178222987321768400e+01
3.272942154435187234e+01
3.323321958399464648e+01
3.317243613643508127e+01
3.347227954527299687e+01
3.391326404652616588e+01
3.428495626466867208e+01
3.438842822116384923e+01
3.404831088409060413e+01
3.383116396889680999e+01
3.412840462802059704e+01
3.361082330165591259e+01
3.370232475372942815e+01
3.365095053522374258e+01
3.380029391303337150e+01
3.336519402528264067e+01
3.332898692493612458e+01
3.330634166209626557e+01
3.310030584227566663e+01
3.340258860986740075e+01
3.301453727227123380e+01
3.291945083110313419e+01
3.299362013420068962e+01
3.298262197300048371e+01
3.336821032091962280e+01
3.318440599780910816e+01
3.303978939259194192e+01
3.281264589789451946e+01
3.314719618019626068e+01
3.285149648929061783e+01
3.277256275846061584e+01
3.322094683180662855e+01
3.307543851544097890e+01
3.319232626204309611e+01
3.310100245897550053e+01
3.318940453650807854e+01
3.294315524540038354e+01
3.288830918095789713e+01
3.317788439993409355e+01
3.293332266064280134e+01
3.295733745596770348e+01
3.299824537685430670e+01
3.307762256390704891e+01
3.301923238743572142e+01
3.285154006907821156e+01
3.297216619093886436e+01
3.270857144449077936e+01
3.318522867583526192e+01
3.281416288688453875e+01
3.289564493806792456e+01
3.308810830989440177e+01
3.295627128637539016e+01
3.333586404893411981e+01
3.286251961411532108e+01
3.312227240225980296e+01
1.807049223054785969e+01
8.639273011183536966e+00
8.943317881933564806e+00
9.093029631435401328e+00
6.725646552322235294e+00
4.641954510777984488e+00
4.034913457767489220e+00
2.930740411483118368e+00
1.750483413706292568e+00
1.217980039546912030e+00
5.946790753969035670e-01
-2.313629786483777373e-01
-2.394675791758350547e-01
-5.937173673924041051e-01
-8.147165829454849906e-01
-1.227299941620361379e+00
-8.697604237292894114e-01
-8.324331327261089708e-01
-7.567816199666488330e-01
-8.145426423089776602e-01
-6.242636412137770874e-01
-7.821691354674709107e-01
-7.449089435730124054e-01
-5.082555064306537584e-01
-4.173336627338282145e-01
-3.287118235846395176e-01
1.286239774824059212e-01
-1.431055134109041893e-01
-2.993172210629461705e-01
-1.773665844153541338e-01
-1.131387004151028636e-01
8.847967250081062440e-02
-2.476039819954402033e-01
3.874492227498126107e-02
7.473812819615002767e-02
8.832222219421319298e-02
-4.161492734075276229e-02
2.870026276599509096e-02
-1.807196301689382167e-01
-3.742168663482491747e-02
-3.859587723621360489e-02
1.215498294372749227e-01
-1.567239615365312311e-01
1.571414019794045436e-01
2.773042247366407365e-01
-3.218341132736473598e-01
8.518303571991932277e-02
1.233555941299636499e-01
-9.864087375160283944e-02
-6.365148613517236653e-02
-2.149132185927575892e-02
-4.951828212392566514e-02
-5.491063230634323639e-02
-2.852096838565736370e-01
1.874422378992756655e-01
1.756206973245919845e-01
-1.417612420179407140e-01
-2.507536489391548051e-01
8.195821994983647218e-02
-1.005558898058983575e-01
1.894997662678615108e-02
-5.709345070986057008e-02
1.120835946231973496e-01
1.128505017551814649e-01
1.487685063851776412e+01
2.401030698180791134e+01
2.395489473044672835e+01
2.405493211172626999e+01
2.627966489843020526e+01
2.848564969101369115e+01
2.930106309588503422e+01
3.035807593255882963e+01
3.094009588084300688e+01
3.184840943217018605e+01
3.275073559640408405e+01
3.343013351679034173e+01
3.336916470675642898e+01
3.341528095623278460e+01
3.395199285499973030e+01
3.371701889919567208e+01
3.431722281012563514e+01
3.395591319008095610e+01
3.387456624276492079e+01
3.387707635082360724e+01
3.391243149963747783e+01
3.375990486468641905e+01
3.332387672480371776e+01
3.385881893630411810e+01
3.347089638606551176e+01
3.363675546664378402e+01
3.320740877484934117e+01
3.346694839902243501e+01
3.326253990431020213e+01
3.329599982939203784e+01
3.293648671213026802e+01
3.326844768992256007e+01
3.318059707552448145e+01
3.326359601686658607e+01
3.292148793670516227e+01
3.294502633260971436e+01
3.340087126730787048e+01
3.282979971367176120e+01
3.299554076373946998e+01
3.321950650168892594e+01
3.303922936103325725e+01
3.311977369341252597e+01
3.297227495320308321e+01
3.310955716479420374e+01
3.282884495923671864e+01
3.332801462422177252e+01
3.304098898040235355e+01
3.295092227955628061e+01
3.317828811834557001e+01
3.299547578769629297e+01
3.285179104887501467e+01
3.285025645310473408e+01
3.319386023142752862e+01
3.305410304495788409e+01
3.305715233146718646e+01
3.325876260419160957e+01
3.289321913253846930e+01
3.295939287067527346e+01
3.301556219310942453e+01
3.309513939490391721e+01
3.307250321055892783e+01
3.303088041763471239e+01
3.306772469871990694e+01
3.305987971131964542e+01
1.795710530216035750e+01
8.698456429381248967e+00
8.901857831465429527e+00
8.973134839473024371e+00
6.404122250587995779e+00
4.452655109929593458e+00
3.648096296859926202e+00
3.084106336126630321e+00
1.694563674053883640e+00
1.415086689971049028e+00
5.359338651164078371e-01
-5.387310929694976158e-01
-2.172806706250539621e-01
-5.215381333728595914e-01
-1.253857601878479944e+00
-1.003241536026201253e+00
-1.209062954142793744e+00
-7.409189908179667494e-01
-1.022479920938279996e+00
-5.908205454758763686e-01
-5.772334016792622924e-01
-7.799969199866989555e-01
-7.021408360914040969e-01
-6.422601247459023277e-01
-4.879840324723394573e-01
-4.386296953745575933e-01
-3.087097716980046203e-01
-1.099453455887252074e-01
-4.357280469265988054e-02
-6.142721229991844611e-02
-1.632300252918203465e-01
-2.313991520950232084e-01
2.366174950957475875e-01
-8.670694085005986596e-02
-6.006189478724637681e-02
-3.723950255601590070e-02
-2.492405075392992442e-01
-1.130844961808445681e-02
-2.331878100650761065e-02
1.481913436494591008e-01
1.682905602844612103e-01
5.283663657474786668e-02
1.912811727861703781e-01
8.360254899461477818e-02
2.560978205431892196e-02
4.998475227831071510e-02
-1.763566833999847747e-02
-5.527066404732003391e-02
-3.702362564189334848e-02
-1.854414056587080084e-01
4.739572529126547668e-02
-1.654070707119016659e-01
1.368634065471160677e-01
-4.745214616173605571e-02
3.636140710437198165e-03
7.799039469861432372e-02
1.010185453599142802e-01
-2.681201624109779691e-01
-3.936987215295192216e-02
1.421052571764097050e-01
-2.877265204987194402e-01
6.067469804683259249e-02
-3.791002354555318421e-01
-1.733588294600866553e-01
1.500422196023505883e+01
2.396474845732009484e+01
2.405446600705521831e+01
2.370789638063113713e+01
2.675249726342880408e+01
2.859749037597802612e+01
2.949499714860223065e+01
3.032972463185123146e+01
3.120390389035789269e+01
3.154753396792937536e+01
3.261478086530706832e+01
3.328848113364762185e+01
3.356396638942156585e+01
3.358923123963091939e+01
3.412991491665540167e+01
3.432120968184365495e+01
3.389146176926335841e+01
3.370491480530623818e+01
3.411107820343693930e+01
3.400161738293358837e+01
3.353538479496644698e+01
3.383850248664944615e+01
3.379807743984861190e+01
3.352455772427450142e+01
3.345847755043602945e+01
3.333211860008842820e+01
3.308166129955284163e+01
3.334426854820480912e+01
3.316329688203286707e+01
3.315561474672217912e+01
3.339948247097461831e+01
3.318067365945197622e+01
3.312743154831553483e+01
3.307029861280362582e+01
3.327950167343972510e+01
3.331179573692254792e+01
3.317180266960713197e+01
3.310350644935833486e+01
3.266909853531817021e+01
3.305064492696072875e+01
3.300125737404849957e+01
3.303827361835124066e+01
3.319602413930064699e+01
3.259126832228802328e+01
3.295171409228090909e+01
3.309664357010887414e+01
3.298287539691499148e+01
3.282813429470137834e+01
3.321205151915638254e+01
3.311840773656874148e+01
3.291231669903472579e+01
3.312717890482363003e+01
3.321516232465413765e+01
3.308158072569882791e+01
3.321286339198375970e+01
3.309218199905583901e+01
3.301515193688886995e+01
3.288793574341942616e+01
3.306538703347770536e+01
3.311179628635870387e+01
3.322550391270524273e+01
3.305951037161849371e+01
3.315423170010601694e+01
3.291699525507922175e+01
1.794660117428106716e+01
8.815557044302446243e+00
8.680333694513937104e+00
9.258328659526391391e+00
6.674203182006238855e+00
4.551219779182617664e+00
3.730858153756553275e+00
3.044826346824395014e+00
1.733869688702123435e+00
8.909696882260403905e-01
4.446191755650467647e-01
-3.490075239291526299e-01
-4.324093406105544157e-01
-4.873630032337682438e-01
-8.838604825127143183e-01
-1.074071718549794330e+00
-1.000217307010263568e+00
-4.139991211949944350e-01
-1.068562168254268752e+00
-9.995985719588003082e-01
-1.136754974901018400e+00
-6.625185501745448624e-01
-9.235690055532503884e-01
-5.298229964592992003e-01
-4.604420161836670355e-01
-5.101917738182873974e-01
4.188459860969473425e-02
2.966974375179728951e-02
7.986309173612299306e-02
-2.667727582237671702e-01
1.522263061116815586e-01
9.089958459590022355e-02
1.377631785248099594e-01
1.997743947053909064e-01
-1.028068357912520492e-01
-2.109422066881434105e-02
2.017037527082173320e-01
-3.742492977738254845e-01
3.088452017570178509e-01
1.369869712934710104e-01
4.426370865653272979e-02
8.895943101989853274e-02
-1.356827701177096279e-01
-3.138217573711300779e-02
2.116041903581403205e-01
2.395003862829770680e-01
4.635105893508313368e-01
-1.783189421814167924e-03
-1.021601972937328934e-01
-8.314517807037168085e-02
-1.690182048093446521e-01
-1.286226154711333711e-02
6.038026753688801457e-02
-1.158276289023689627e-02
1.781114513797218135e-01
-4.335170157230113647e-02
-6.410897423366758441e-02
-1.032276737821234414e-01
-2.769916804980391278e-01
-2.658858488884629501e-01
-2.012352056996250249e-01
2.130326307584488321e-01
1.460371815931546524e-01
2.262196555446789048e-01
1.477574825916261148e+01
2.391276352607608402e+01
2.410870840998022757e+01
2.398250537409107608e+01
2.656092315387918035e+01
2.874478110939147868e+01
2.944782871409465486e+01
3.065728194537969387e+01
3.122570823499270887e+01
3.166476646303091513e+01
3.238321738984930676e+01
3.326723460926698550e+01
3.346133206220369516e+01
3.325092755229571395e+01
3.404160887464891516e+01
3.441450564293968739e+01
3.359630627454608742e+01
3.403490635304924439e+01
3.361003366338579923e+01
3.400915175586992234e+01
3.403428629744489342e+01
3.379006487224940969e+01
3.344904260723326672e+01
3.341716492536460237e+01
3.344571225465244169e+01
3.343635255072616275e+01
3.328893427601896349e+01
3.319257176009658394e+01
3.325039596431318500e+01
3.299309691469058947e+01
3.307035896817639298e+01
3.331963367003472598e+01
3.300151981091159570e+01
3.297264896307988380e+01
3.320586874726446780e+01
3.259866674129582975e+01
3.321378158457525842e+01
3.290115172445782576e+01
3.304552047592795816e+01
3.304607816724200831e+01
3.318001988628417820e+01
3.297801562241441786e+01
3.292584549448615405e+01
3.326418881526146265e+01
3.265257046500240534e+01
3.305504854123628178e+01
3.283602875081893302e+01
3.293735641551299409e+01
3.340243371825077645e+01
3.306482984785174750e+01
3.310667907696736734e+01
3.277778222812005993e+01
3.295672392951338736e+01
3.311345818477039415e+01
3.313856220693079990e+01
3.318195306226110830e+01
3.308246141715085997e+01
3.316900653089518869e+01
3.315533914674558957e+01
3.277445739485031595e+01
3.308569940609238103e+01
3.320667868432181535e+01
3.317630906919160338e+01
3.301712078903970848e+01
1.794276828232909438e+01
8.647569940086656359e+00
8.834262769921203073e+00
9.310467333232232079e+00
6.271714110206204396e+00
4.394721863495625769e+00
3.484407056982766537e+00
2.838812006783678843e+00
1.719628782268039169e+00
1.179436959450334665e+00
3.752442144261943779e-01
-2.663413919530754348e-01
-4.115543332170933377e-01
-2.336727114427200325e-01
-7.374884026003493132e-01
-1.140884961474633474e+00
-1.097087293681829667e+00
-7.574447160053927597e-01
-8.452721823928128764e-01
-9.457511586243341206e-01
-7.914402133278535256e-01
-8.594587030988545262e-01
-6.172660829345119060e-01
-6.983187817441290912e-01
-3.449437902516016563e-01
-5.492985279811883892e-01
-2.082436563273384056e-01
-3.703898075121023759e-01
-2.383359952923962133e-01
-1.381178559764354163e-01
-3.126560066189570941e-01
2.742407239525522511e-02
-5.399574006798474324e-02
-2.621914430599420198e-01
-1.685534204834624739e-01
1.504787301745303396e-01
2.071970817453628044e-01
4.636911109200213960e-02
1.240841566682332336e-01
8.210555447769213311e-02
1.068181991211948900e-01
2.665388229070851378e-01
-2.151932892685921861e-01
1.396851737546749850e-01
-3.544469194155865088e-02
-1.421309814666650226e-02
-3.623504115227692279e-02
-5.198693115195895942e-02
-1.967674014567354634e-01
3.311701612922666321e-02
2.791459465366923354e-01
-9.241972298431062188e-03
-3.639311254339285418e-03
-1.204255556610218381e-01
-2.419211396759650065e-02
7.337866965746006609e-02
-6.790760560129752155e-02
-8.198360114740274596e-02
6.232483056825116607e-02
-1.575920231402282157e-01
3.737388725280166996e-02
1.328482516912256606e-01
2.234852263914137160e-01
-1.800469006697720878e-02
